14000,debris,140,0
18000,water_bear,440,0
21000,debris,140,0
22000,debris,280,0
23000,debris,420,0
24000,debris,140,0
25000,debris,280,0
26000,debris,420,0
24000,side_bear,-40,0
24000,side_bear,440,0
25000,rock,200,0
31000,debris,280,0
31000,debris,140,0
34000,debris,420,0
35000,debris,140,0
37000,debris,140,0
38000,debris,420,0
39000,debris,420,0
40000,debris,280,0
42000,debris,420,0
43000,debris,140,0
43000,side_bear,440,0
45000,water_bear,280,0
46000,rock,300,0
47000,rock,150,0
49000,rock,200,0
51000,debris,420,0
52000,rock,150,0
55000,water_bear,280,0
57000,debris,280,0
59000,debris,420,0
61000,debris,140,0
62000,side_bear,440,0
63000,debris,140,0
64000,debris,280,0
66000,debris,420,0
67000,rock,300,0
69000,water_bear,280,0
71000,side_bear,-40,0
72000,debris,280,0
74000,rock,150,0
76000,debris,420,0
77000,side_bear,440,0
79000,debris,140,0
81000,rock,300,0
82000,debris,280,0
82000,debris,420,0
84000,side_bear,-40,0
85000,debris,280,0
86000,debris,140,0
87000,water_bear,280,0
90000,side_bear,440,0
91000,debris,420,0
93000,rock,200,0
95000,debris,280,0
97000,debris,140,0
98000,debris,280,0
99000,side_bear,440,0
100000,debris,420,0
102000,debris,140,0
106000,water_bear,280,0
112000,side_bear,-40,0
115000,rock,0,150
121000,debris,140,0
122000,debris,280,0
123000,debris,420,0
124000,debris,140,0
125000,debris,280,0
126000,debris,420,0
127000,water_bear,280,0
128000,side_bear,440,0
131000,side_bear,-40,0
131000,debris,280,0
131000,debris,140,0
134000,debris,420,0
135000,debris,140,0
137000,debris,140,0
138000,debris,420,0
139000,debris,420,0
140000,debris,280,0
142000,debris,420,0
143000,debris,140,0
143000,side_bear,-40,0
145000,water_bear,280,0
146000,rock,300,0
147000,rock,150,0
149000,rock,200,0
151000,debris,420,0
152000,rock,150,0
155000,water_bear,280,0
157000,debris,280,0
159000,debris,420,0
161000,debris,140,0
162000,side_bear,440,0
166000,debris,420,0
167000,rock,300,0
168000,water_bear,140,0
169000,water_bear,350,0
171000,side_bear,-40,0
172000,debris,280,0
174000,rock,150,0
176000,debris,420,0
177000,side_bear,440,0
179000,debris,140,0
181000,rock,300,0
182000,debris,280,0
182000,debris,420,0
184000,side_bear,-40,0
185000,debris,280,0
185000,water_bear,140,0
186000,debris,140,0
187000,water_bear,350,0
190000,side_bear,440,0
191000,debris,420,0
193000,rock,200,0
195000,debris,280,0
197000,debris,140,0
200000,evil_koi,300,0
